Avis Riggin 175 4005.25
183	4935.53
Earnestine Pincus 156 4074.45
205	5067.25
Clayton Wyer 168 4095.7
185	4675.25
Selena Ravencraft 202 4435
165	4505.25
Selena Rappold 153 6505.25
154	5423.00
Erik Lohse 175 6554.25
185	4005.67
Mathew Talmadge 163 7850.98
196	9054.99  7850 7850.98
  7850 7850.98
  7850 7850.98
  7850 7850.98
  7850 7850.98
  7850 7850.98
  7850 7850.98
  7850 7850.98
  7850 7850.98
  7850 7850.98
194	6055.29
Tania Hilchey 172 8054.22
178	4535.20
Neil Renard 165 8057.55
167	7605.5
Jamie Paolini 175 8705.2
